20
15 0
15 0
0
0
15 0
0
13 0
14 0
0
0
0
14 0
2 0
8 0
13 0
0
0
0
0
0
20
0
3 0
17 0
9 0
0
4 0
0
0
19 0
3 0
0
11 0
0
18 0
0
13 5 0
10 3 0
11 2 0
0
11 0
20
17 0
12 0
0
2 0
0
0
4 11 0
6 0
6 0
0
0
15 0
19 0
0
11 0
0
0
14 10 0
14 6 0
0
20
16 8 0
10 3 0
1 0
10 0
8 4 0
1 19 0
14 20 0
0
0
0
0
0
9 0
13 0
0
5 6 0
0
20 12 0
9 13 0
16 15 0
20
19 17 0
4 0
17 11 0
14 10 16 0
15 10 0
16 5 13 0
2 0
13 0
17 11 8 0
11 9 19 0
8 15 0
11 0
0
2 3 0
9 16 0
10 0
6 0
17 7 20 0
0
16 11 0
20
4 5 17 0
0
0
0
17 0
8 0
5 14 10 0
15 1 0
0
2 4 0
18 6 0
0
20 19 0
9 15 13 0
19 0
4 0
14 6 13 0
20 15 10 0
15 0
0
20
6 11 12 3 0
11 14 5 0
18 0
19 15 18 10 0
19 0
0
0
3 20 10 15 0
13 2 19 18 0
2 0
19 12 0
0
0
19 1 16 18 0
2 0
9 0
11 3 15 6 0
0
15 8 0
19 10 0
20
13 8 14 19 0
4 13 7 5 0
14 10 2 0
3 11 0
7 0
19 9 0
17 2 3 19 5 0
10 0
18 4 8 19 1 2 0
16 4 3 19 0
7 0
5 6 13 14 0
6 16 19 10 8 20 0
0
9 4 0
9 0
20 0
20 15 13 16 19 2 0
15 9 12 1 16 0
19 17 0
20
12 4 14 3 5 0
17 0
6 8 2 20 4 19 9 0
18 3 13 0
8 17 2 9 1 0
11 0
5 0
11 19 15 0
16 2 20 10 15 13 8 19 0
17 1 0
20 6 1 9 7 16 2 3 0
20 5 6 0
15 8 14 3 2 18 0
12 5 11 10 19 0
0
18 1 6 10 4 12 5 20 17 0
15 10 8 9 11 5 13 0
9 3 11 13 4 2 0
16 11 17 8 15 3 7 0
13 8 19 15 3 0
20
12 6 15 14 10 18 17 8 9 16 13 2 0
9 14 20 5 3 18 6 15 17 13 10 0
20 13 9 17 0
6 15 19 3 0
7 19 16 12 10 1 17 11 9 2 13 6 0
14 10 11 17 0
10 4 18 0
10 16 20 17 2 3 18 14 11 1 7 12 4 0
18 16 11 12 8 1 0
18 16 20 1 13 2 8 4 7 17 15 19 5 6 14 9 11 12 0
6 20 9 7 19 3 4 13 17 0
9 10 6 2 20 16 3 11 14 8 4 13 15 5 7 1 19 0
8 0
7 10 9 19 17 4 2 11 12 15 18 6 5 3 8 1 13 20 16 0
3 14 10 13 9 8 12 5 2 19 18 1 0
3 17 10 11 9 12 7 19 14 1 5 20 4 6 15 8 18 2 13 0
18 14 7 4 5 15 2 0
4 17 12 6 7 1 8 14 15 13 0
1 0
0
20
0
0
0
0
0
0
0
0
0
0
0
0
0
0
0
0
0
0
0
0
0
