16
4 2 11 0
7 1 16 6 10 5 8 13 12 9 15 0
10 2 4 14 16 13 6 7 0
12 11 1 3 7 6 5 10 16 2 13 0
10 6 16 4 9 13 3 12 8 14 15 2 11 0
0
13 6 3 9 11 2 12 4 8 0
0
6 5 0
7 15 1 13 11 3 6 0
8 6 14 2 9 1 10 13 7 4 0
9 16 15 14 10 6 3 7 1 4 0
11 10 7 0
2 16 5 1 13 0
9 2 6 4 1 14 13 12 3 10 7 16 0
1 14 12 13 6 4 15 8 10 2 7 9 3 0
13
10 12 3 4 11 2 7 5 8 0
9 11 12 6 0
10 13 12 9 2 11 7 6 4 0
12 8 0
9 1 7 4 12 11 10 13 0
13 8 11 12 7 10 5 0
4 13 2 6 12 8 1 0
12 6 9 5 7 11 1 2 0
0
5 0
10 8 5 9 1 3 6 13 4 12 2 7 0
4 7 11 3 10 6 13 0
9 4 5 12 6 11 1 7 10 2 8 3 0
14
11 3 12 7 0
4 11 6 3 5 7 1 9 8 13 0
1 6 10 5 11 14 7 0
1 9 2 13 3 0
14 7 3 6 8 13 2 0
13 8 1 11 5 7 3 2 14 9 10 12 4 0
12 4 6 14 9 2 0
14 3 5 6 10 0
11 12 4 6 13 14 5 1 7 0
7 2 11 13 14 12 4 0
4 5 3 7 14 9 10 1 13 2 0
14 10 2 1 4 5 11 7 6 8 0
8 6 14 0
13 5 12 10 1 2 7 9 0
12
11 6 0
4 8 1 3 6 11 7 12 10 0
1 7 0
11 5 8 2 7 3 12 10 0
12 9 11 0
7 0
0
0
2 3 12 4 11 6 5 8 0
11 9 2 3 12 5 6 4 1 0
8 4 0
5 9 3 1 8 0
13
12 7 4 11 2 10 13 9 8 6 3 0
8 1 3 13 6 4 5 0
4 5 12 0
3 13 5 9 11 12 1 10 2 7 0
8 9 11 10 1 0
7 0
1 3 11 12 9 13 5 6 10 8 0
2 10 0
12 3 7 11 6 2 1 8 0
2 5 8 6 9 4 3 7 13 11 1 0
4 12 2 7 8 10 13 6 5 0
11 5 1 6 3 10 13 0
1 10 8 12 6 3 4 2 0
10
10 8 9 0
5 9 10 3 4 1 7 6 8 0
5 7 4 8 0
7 1 10 3 2 5 9 8 0
10 3 0
9 7 3 1 5 2 10 8 4 0
10 1 4 3 9 2 5 8 0
2 0
5 4 10 2 0
9 0
13
13 4 6 0
4 1 7 5 6 9 12 10 8 0
5 1 13 12 9 6 0
3 9 0
8 3 0
0
8 2 3 10 5 13 9 6 0
3 12 1 5 11 13 2 0
13 6 11 0
6 9 12 11 0
6 9 7 10 8 4 2 12 1 5 13 3 0
4 3 8 13 11 7 1 2 10 5 6 0
10 4 12 9 3 5 11 0
13
11 0
13 5 10 9 6 8 12 1 11 4 3 7 0
7 1 10 4 8 6 13 12 0
12 1 5 6 8 13 3 11 2 10 7 9 0
6 0
0
11 2 10 0
3 10 6 12 2 11 4 7 0
12 7 1 11 4 10 8 2 5 6 3 13 0
11 0
0
5 13 9 8 11 4 7 10 6 0
9 8 5 2 3 12 10 4 7 6 11 0
12
4 11 10 7 5 9 3 0
12 0
5 9 8 7 4 12 6 10 11 1 2 0
0
0
7 1 3 0
9 2 10 12 6 3 4 8 5 1 0
10 12 5 9 6 1 7 3 11 2 0
3 0
11 0
9 7 4 8 5 2 10 1 6 12 0
3 1 11 8 7 2 9 0
13
5 7 12 9 8 2 10 0
12 5 13 0
5 6 2 4 11 1 13 12 9 7 10 0
12 6 8 3 7 2 9 10 13 11 5 0
12 10 13 9 8 4 1 3 2 6 7 0
4 5 8 3 13 0
8 0
7 12 0
4 8 5 3 0
7 5 9 1 6 13 2 8 11 4 3 12 0
9 13 3 6 10 7 1 5 2 8 4 0
9 13 8 7 11 0
8 3 0
0
