18
3 6 15 2 0
0
17 0
1 0
15 6 0
0
0
12 3 16 0
1 7 0
15 14 0
14 18 0
13 3 0
5 0
13 4 0
13 11 17 0
9 11 0
0
13 15 0
16
6 0
1 0
0
15 10 0
1 6 15 0
7 0
2 10 13 0
0
13 0
16 7 0
0
1 8 0
6 1 14 0
4 8 0
5 12 0
10 11 4 0
17
12 4 0
0
11 13 17 0
13 0
17 0
0
3 0
17 11 9 1 0
10 8 2 4 0
0
14 0
4 16 0
12 0
0
8 5 4 0
13 0
9 10 0
15
2 9 0
12 7 0
14 5 8 0
13 5 0
8 0
0
0
3 7 0
10 4 0
8 1 0
1 3 13 0
0
9 11 0
7 9 0
7 3 11 0
18
8 0
8 0
1 12 18 0
11 12 9 5 0
0
0
14 12 8 0
18 3 11 0
0
5 17 15 0
4 0
0
16 18 4 0
17 1 9 0
7 13 0
9 8 0
18 0
0
17
14 2 9 0
14 6 11 0
14 0
3 5 0
14 11 3 0
0
8 3 9 0
0
0
0
0
11 0
6 8 0
16 8 1 0
4 11 0
9 0
13 2 14 0
15
5 14 0
0
0
0
6 0
0
10 0
0
4 13 2 0
11 0
0
1 6 13 0
10 0
10 15 3 0
0
17
17 6 0
14 11 0
14 15 0
14 10 0
12 15 7 0
0
8 5 0
1 2 0
1 0
5 0
16 6 17 0
0
2 6 0
0
17 16 5 2 0
12 0
0
16
7 14 8 0
16 14 0
10 4 0
14 0
7 10 2 0
10 13 0
8 2 6 0
0
12 0
1 12 7 0
2 4 6 0
3 6 5 0
10 8 0
3 10 11 0
6 7 4 0
12 0
16
10 11 9 0
14 0
5 6 0
16 12 0
0
0
12 0
0
0
14 12 6 0
0
0
0
0
10 1 14 0
0
0
