20
13 15 7 4 12 3 14 9 2 18 11 8 17 10 0
3 13 1 17 5 16 15 20 7 0
11 1 8 16 9 17 18 12 0
20 0
19 13 17 7 0
18 8 10 11 9 7 4 0
2 20 1 5 17 19 3 18 9 16 14 4 15 11 6 12 8 10 13 0
1 18 2 19 15 16 7 14 10 3 20 4 17 6 11 0
0
19 8 17 13 5 6 4 2 12 11 20 15 14 9 16 0
12 16 13 10 9 15 8 14 2 3 5 19 18 20 7 6 4 0
15 0
20 11 10 14 3 1 17 0
1 10 17 13 5 6 7 18 15 0
5 4 7 14 10 17 20 9 11 19 2 18 0
11 20 3 15 14 6 0
3 1 13 16 15 5 9 6 0
3 16 11 7 6 20 5 10 12 14 4 1 13 17 2 9 0
2 16 5 0
2 17 11 5 8 4 1 12 13 3 9 14 10 19 16 6 7 18 15 0
18
13 4 7 17 6 11 18 12 3 0
1 18 10 9 17 5 8 12 15 4 7 13 3 6 16 11 0
18 2 6 11 14 9 16 12 17 0
6 15 3 7 9 17 11 5 18 13 16 12 1 10 14 0
15 0
7 17 5 4 9 18 1 10 14 12 2 16 13 11 3 0
6 1 11 18 2 9 13 15 17 16 0
2 15 11 16 4 3 14 6 17 9 7 12 18 10 0
12 7 1 8 15 4 16 3 17 5 2 13 18 14 6 11 10 0
13 6 16 3 12 5 8 2 14 0
1 14 18 17 10 4 15 13 16 8 7 0
4 9 18 15 11 14 8 7 6 17 0
11 8 9 4 1 16 3 14 17 6 5 7 12 18 10 0
10 6 0
18 17 5 3 11 1 0
2 0
2 1 18 11 12 5 16 9 13 4 0
16 13 6 12 5 0
19
18 3 19 15 11 7 12 2 4 9 13 5 10 14 8 6 16 0
0
0
5 2 11 15 12 3 0
17 11 7 19 9 1 2 10 4 16 12 6 8 18 13 0
12 15 3 9 16 0
16 1 8 3 17 14 10 15 9 0
16 1 18 4 17 19 6 9 5 14 13 11 15 2 0
11 10 6 5 1 4 19 7 17 3 14 18 16 0
3 1 14 6 15 19 4 0
1 6 17 7 3 13 8 9 10 5 0
15 3 14 8 10 16 6 2 11 13 1 17 4 5 7 9 18 0
11 8 16 19 9 10 6 4 17 12 0
11 15 12 16 5 0
14 0
9 18 8 10 12 13 17 1 15 7 3 2 6 14 0
16 9 12 15 14 2 0
9 17 4 3 14 0
1 15 16 8 5 11 3 18 4 7 10 17 14 13 12 0
20
8 20 10 3 4 19 18 14 7 2 5 6 11 9 13 0
0
5 16 6 4 17 20 12 9 13 15 8 2 19 10 14 11 1 0
20 9 6 15 2 18 17 16 14 3 8 13 10 11 12 5 19 1 7 0
10 13 19 14 0
5 15 12 14 16 1 0
0
13 3 9 0
0
6 4 0
2 14 20 18 13 0
16 11 2 3 6 8 13 0
9 5 10 3 2 0
18 5 15 12 11 16 20 6 8 13 10 17 1 9 19 3 2 0
7 5 4 8 14 17 11 13 18 9 19 0
19 12 18 9 5 17 6 3 10 14 13 2 4 0
4 0
16 2 0
15 10 3 8 0
0
16
8 16 0
5 0
11 14 6 8 10 12 0
9 13 10 5 15 16 11 3 14 12 2 7 6 8 1 0
9 7 14 12 16 11 10 8 4 0
14 8 5 16 3 12 1 9 4 10 15 13 0
13 8 4 0
1 11 7 5 12 4 14 0
4 6 10 13 3 11 0
6 8 4 5 3 7 9 16 14 12 15 13 1 11 0
7 1 4 6 10 14 15 8 2 9 12 13 3 0
15 9 6 3 8 2 11 16 5 1 0
5 11 4 3 6 12 8 15 0
10 1 2 9 4 7 3 6 15 0
16 14 13 7 1 11 10 3 6 4 0
3 13 4 0
16
13 5 12 7 2 8 9 0
6 5 7 13 10 12 14 3 11 4 1 15 0
4 15 13 6 5 2 12 11 0
2 7 8 3 16 0
14 13 0
10 15 11 4 2 12 13 8 16 9 14 1 7 3 5 0
4 5 6 1 12 3 10 8 9 0
16 7 2 5 14 11 3 10 13 12 1 0
0
0
0
0
4 12 10 3 2 8 9 0
4 13 12 10 2 16 5 1 9 11 7 3 8 0
12 5 6 14 4 2 13 1 3 10 9 7 0
10 13 12 0
19
16 13 12 7 14 19 2 15 17 10 18 5 8 0
18 3 0
13 10 14 8 7 19 16 12 11 9 4 15 17 2 1 18 5 6 0
2 5 9 18 19 16 12 0
1 10 11 7 6 2 19 9 12 17 15 8 3 16 18 14 0
16 1 15 13 3 4 9 7 8 5 12 18 2 11 19 0
2 15 11 18 10 0
0
0
2 6 13 9 17 18 7 4 8 0
13 3 7 18 10 1 9 5 12 17 8 14 16 4 15 0
6 2 13 10 18 8 14 15 9 1 0
2 18 7 6 8 17 19 15 14 0
12 1 6 7 9 0
5 2 13 10 8 14 18 0
6 0
13 7 6 0
11 9 10 16 0
9 11 0
19
18 5 17 4 10 9 0
17 5 0
15 6 8 13 2 18 19 0
6 11 15 12 1 14 19 2 7 16 8 10 9 0
8 7 4 1 10 11 12 18 0
7 2 8 18 11 16 1 17 3 15 0
15 8 17 4 0
5 7 18 15 16 19 6 3 17 13 1 9 12 10 4 2 0
6 3 11 1 0
15 5 2 11 4 13 0
0
16 13 15 5 3 7 9 1 4 10 11 2 6 0
8 16 7 2 11 1 14 15 9 18 0
3 10 6 7 1 0
13 16 7 19 17 18 6 2 9 3 0
17 19 0
9 8 4 7 10 3 14 16 18 2 1 15 13 5 6 11 0
2 15 9 4 3 7 8 1 10 17 5 19 11 16 6 13 14 12 0
17 1 0
16
12 6 11 0
11 1 12 16 10 15 6 7 0
15 10 9 12 8 2 1 5 7 13 11 6 0
2 16 6 11 5 10 12 0
14 9 6 16 1 3 0
7 10 11 3 12 5 14 0
1 16 10 14 12 4 13 11 2 8 0
12 10 5 16 3 2 4 1 0
10 11 0
0
14 13 7 5 0
7 14 8 4 9 3 16 0
3 9 15 12 1 8 11 6 14 2 0
5 8 7 13 11 4 12 6 9 0
6 5 3 12 1 7 0
11 12 6 5 10 3 13 0
18
10 3 15 16 9 0
8 4 12 11 18 14 3 15 6 0
13 4 10 15 5 18 8 7 2 1 11 6 12 16 9 0
0
3 8 16 7 11 13 1 15 17 18 6 9 4 12 0
3 7 15 14 8 18 0
5 6 0
16 4 18 6 15 12 9 5 3 17 10 11 13 0
14 6 11 17 13 8 16 2 5 4 1 18 15 0
2 9 4 8 1 13 3 16 5 7 6 17 11 12 15 14 18 0
16 2 7 10 13 12 6 1 14 17 9 4 3 18 5 15 0
17 7 15 13 16 1 0
16 2 5 17 1 4 14 11 18 0
8 4 11 3 2 16 18 12 13 15 17 7 10 6 0
7 12 10 8 9 5 18 16 1 17 11 2 0
5 6 14 15 12 7 10 8 18 9 13 11 2 0
10 3 16 2 13 7 4 15 18 5 6 9 12 11 0
5 6 7 14 13 16 8 9 11 15 2 4 1 17 3 12 10 0
0
