8
10 14 19 11
13 5 19 4
10 1 6 13
3 8 4 8
10 1 13 4
10 10 18 1
14 20 19 17
16 18 7 13
8
11 14 20 10
20 2 8 13
14 17 6 6
9 12 15 18
2 14 9 5
9 11 5 17
11 4 3 7
10 5 2 14
18
9 9 14 19
2 16 14 6
15 4 17 6
10 16 15 10
2 18 16 6
5 12 19 9
4 6 3 13
7 17 18 19
5 2 18 12
9 18 19 18
18 15 5 10
12 6 16 16
19 3 20 9
13 1 18 15
9 16 9 14
11 7 3 3
6 3 13 8
2 16 13 12
2
11 12 19 18
17 11 1 20
16
7 13 19 16
20 15 4 10
1 6 7 4
7 14 11 19
15 1 5 7
15 7 15 4
19 5 11 11
20 4 8 6
18 13 20 8
6 17 6 4
1 5 9 16
16 6 15 3
12 20 13 5
16 19 17 13
16 12 14 10
18 14 8 6
11
3 12 9 18
2 6 16 9
16 17 8 20
15 12 17 2
13 1 15 5
16 10 8 16
14 10 1 16
16 7 4 3
17 9 10 12
5 19 9 18
12 10 4 12
12
15 20 16 10
1 10 4 15
1 18 6 18
6 1 17 5
18 9 5 11
11 17 13 15
18 5 2 9
6 19 20 10
10 14 4 8
8 14 3 6
17 14 5 11
7 1 5 11
6
17 19 16 14
18 17 19 7
18 12 19 15
20 18 14 12
1 3 14 18
12 9 10 14
18
5 19 1 15
1 16 8 1
11 16 7 8
19 1 7 16
18 14 15 14
1 15 19 18
6 10 16 4
3 18 4 20
8 8 10 16
4 14 4 9
6 19 20 7
11 5 13 14
4 18 1 11
12 1 4 1
1 14 19 4
17 11 15 1
20 13 15 10
3 10 12 11
20
4 11 1 4
11 12 10 19
7 20 11 2
17 5 5 19
17 12 5 1
19 12 1 4
12 2 6 1
19 15 10 14
1 6 13 4
9 18 9 11
5 16 18 12
11 7 11 14
14 6 1 3
4 13 8 2
11 1 20 8
12 8 15 6
2 18 9 3
16 15 6 14
1 12 20 15
6 10 14 10
7
17 5 1 19
13 1 17 1
8 13 20 19
2 12 17 12
12 9 12 2
6 1 1 19
14 8 11 12
4
15 14 8 8
16 12 3 17
7 16 5 2
18 2 4 5
9
17 2 16 11
17 6 14 2
1 12 10 6
8 17 9 6
5 8 10 17
7 17 7 8
1 5 12 11
19 12 5 19
19 15 6 8
10
19 15 6 19
9 10 15 8
1 15 1 17
16 4 9 6
12 13 5 17
18 16 6 11
16 13 11 8
18 20 8 16
14 20 10 5
20 2 6 10
19
14 1 10 11
18 7 19 4
19 17 2 20
17 8 9 20
8 16 16 13
5 10 5 15
8 20 16 6
17 2 6 20
12 4 19 19
20 5 4 20
6 12 8 5
6 2 15 7
11 4 13 13
2 15 18 18
1 10 6 8
3 20 18 17
9 3 10 20
9 4 18 2
13 7 2 18
17
16 11 15 16
2 13 14 8
13 5 12 19
13 17 11 4
20 15 20 7
16 2 4 13
7 20 11 11
4 10 6 4
12 12 13 17
20 12 20 11
17 12 18 14
9 18 11 4
17 10 12 15
12 5 7 12
11 3 5 11
5 14 2 8
20 5 18 11
2
2 6 3 13
13 15 20 8
18
3 11 20 11
18 2 17 1
20 13 20 17
11 13 9 15
5 19 11 2
16 2 12 2
6 2 18 11
9 6 14 18
10 17 4 2
16 19 1 10
3 15 4 4
10 11 16 16
5 15 4 19
13 13 17 15
1 1 11 9
2 8 17 8
2 15 9 12
9 16 14 12
10
14 20 12 1
5 20 11 11
1 14 3 19
3 5 9 14
16 1 1 17
8 11 8 4
14 13 2 5
1 1 19 18
4 19 15 6
3 10 11 10
19
91 256 53 65
386 135 85 31
352 27 61 69
384 315 47 89
99 101 47 95
279 285 52 25
361 268 50 17
367 329 72 73
370 91 33 88
114 162 20 50
179 1 104 17
57 152 96 41
145 340 86 94
253 109 24 64
220 229 81 80
264 348 34 53
55 9 91 62
289 164 69 29
180 157 71 97
14
300 189 54 90
67 284 84 46
110 168 44 49
85 52 59 76
268 111 99 37
174 382 105 46
275 236 41 82
229 199 80 97
298 290 56 100
112 213 73 22
182 352 40 31
14 329 60 10
160 155 102 104
131 233 69 87
20
233 73 93 91
354 223 31 66
219 392 10 106
121 305 109 39
345 376 80 26
200 281 28 98
253 129 10 72
41 350 95 93
116 260 88 69
162 383 58 64
241 182 80 38
252 345 79 105
70 311 82 33
126 220 60 41
44 247 79 80
195 211 102 74
325 162 29 30
363 62 35 44
350 91 32 70
94 329 32 91
7
69 224 32 49
318 394 74 88
357 372 51 65
37 90 38 30
103 313 26 57
347 52 82 21
124 137 15 17
14
267 354 22 35
41 354 67 43
296 140 61 68
295 161 48 39
276 199 102 43
163 77 46 56
274 265 94 102
120 243 38 69
263 146 26 37
173 349 10 80
199 93 55 38
301 144 102 73
384 273 11 19
222 87 23 79
12
158 220 96 66
217 255 64 24
216 138 76 107
78 161 22 101
232 175 73 87
325 385 43 60
328 200 39 19
145 165 61 22
380 135 17 93
1 260 20 63
292 122 35 63
330 97 63 71
19
292 164 30 78
88 127 82 29
42 205 61 102
46 171 84 72
177 118 36 23
145 172 89 45
130 89 58 88
18 124 48 18
130 127 78 16
400 256 39 86
289 297 29 74
338 17 28 101
284 399 30 58
362 52 28 87
347 262 88 38
264 36 16 18
169 80 29 33
78 193 63 88
254 96 81 85
5
163 33 29 41
36 269 78 20
235 71 88 75
246 80 85 37
288 164 47 76
15
284 276 94 65
157 200 74 103
287 234 34 57
195 131 77 75
111 83 15 24
53 242 95 101
207 361 70 22
4 231 95 10
186 68 94 98
1 87 10 105
200 303 38 93
318 337 12 99
179 126 99 32
196 206 29 101
322 175 24 72
7
84 227 29 11
331 45 85 68
263 332 46 30
309 225 57 18
12 198 10 24
297 400 55 43
163 140 64 31
7
137 11 72 83
94 236 98 81
39 22 101 23
161 358 102 53
176 369 23 25
237 292 57 79
33 135 38 53
20
107 255 17 47
4 22 57 44
350 217 69 48
151 384 96 106
86 125 32 73
382 213 61 12
296 337 64 18
181 32 40 105
315 313 46 47
10 86 29 91
11 309 19 49
68 120 76 109
121 116 87 32
343 381 91 95
31 326 46 104
346 203 43 90
257 35 27 91
382 259 15 102
161 252 11 52
345 36 65 82
4
123 214 51 91
180 319 70 39
156 283 74 42
114 396 38 14
16
112 282 20 14
152 17 71 74
206 123 23 53
237 319 104 98
144 40 12 53
271 220 22 27
333 183 107 69
274 391 29 20
112 216 88 52
46 271 72 18
384 300 19 23
151 152 75 12
18 154 109 26
385 270 52 13
316 330 67 92
265 153 64 36
8
107 316 453 387
275 542 287 50
184 727 391 104
352 412 328 86
871 972 318 32
762 12 64 215
213 92 223 12
328 124 143 234
14
532 509 205 416
380 250 182 59
94 516 41 160
253 822 439 255
872 558 213 96
554 196 342 159
848 666 198 228
353 373 333 438
294 748 406 408
957 176 40 344
778 1000 466 458
644 378 413 125
101 244 300 217
433 141 347 423
14
943 62 362 150
81 492 124 197
874 953 239 432
910 399 266 302
713 560 449 121
653 435 276 404
195 29 346 144
476 209 262 79
180 898 32 221
11 534 144 368
541 854 318 250
174 509 364 417
710 371 480 458
430 76 190 308
6
848 344 216 309
608 921 496 30
898 52 399 486
481 508 354 80
935 919 224 60
69 473 35 176
3
529 849 416 251
128 983 493 449
1000 210 348 209
7
901 463 268 115
877 165 359 118
949 70 157 164
448 63 235 157
355 812 114 281
986 940 114 74
239 134 378 270
8
883 121 134 240
532 594 98 425
699 949 321 449
779 556 18 393
775 544 357 441
734 130 171 464
487 196 426 372
713 474 218 11
15
99 239 495 393
985 714 47 188
895 876 90 472
777 523 111 276
619 255 324 35
428 533 495 424
584 388 358 128
812 521 173 340
24 357 418 31
711 228 397 13
470 662 17 322
99 871 79 461
546 509 136 82
832 290 31 296
51 530 213 444
13
239 883 94 427
904 580 234 482
336 519 62 10
811 748 23 241
411 618 181 293
0 615 474 178
123 82 466 262
916 755 8 220
666 764 326 82
45 408 498 194
757 804 323 349
306 23 469 228
807 319 278 407
9
0 0 500 500
0 500 500 500
0 1000 500 500
500 0 500 500
500 500 500 500
500 1000 500 500
1000 0 500 500
1000 500 500 500
1000 1000 500 500
9
0 0 499 499
0 500 499 499
0 1000 499 499
500 0 499 499
500 500 499 499
500 1000 499 499
1000 0 499 499
1000 500 499 499
1000 1000 499 499
15
0 0 500 500
0 500 500 500
0 1000 500 500
500 0 500 500
500 500 500 500
500 1000 500 500
1000 0 500 500
1000 500 500 500
1000 1000 500 500
212 334 102 431
267 941 50 295
636 895 60 78
133 959 225 85
542 820 220 178
522 57 165 101
20
0 0 1 20
2 0 1 20
4 0 1 20
6 0 1 20
8 0 1 20
10 0 1 20
12 0 1 20
14 0 1 20
16 0 1 20
18 0 1 20
0 0 20 1
0 2 20 1
0 4 20 1
0 6 20 1
0 8 20 1
0 10 20 1
0 12 20 1
0 14 20 1
0 16 20 1
0 18 20 1
20
10 10 1 1
11 11 1 1
12 12 1 1
13 13 1 1
14 14 1 1
15 15 1 1
16 16 1 1
17 17 1 1
18 18 1 1
19 19 1 1
20 20 1 1
21 21 1 1
22 22 1 1
23 23 1 1
24 24 1 1
25 25 1 1
26 26 1 1
27 27 1 1
28 28 1 1
29 29 1 1
20
20 20 1 1
20 20 1 1
20 20 1 1
20 20 1 1
20 20 1 1
20 20 1 1
20 20 1 1
20 20 1 1
20 20 1 1
20 20 1 1
20 20 1 1
20 20 1 1
20 20 1 1
20 20 1 1
20 20 1 1
20 20 1 1
20 20 1 1
20 20 1 1
20 20 1 1
20 20 1 1
3
20 20 1 1
25 20 1 1
25 20 1 1
0
