10.50 32 213032
0.01 1 0
0.01 1 2
0.01 1 3
0.01 1 4
0.01 0 0
1000.00 999999 999999
32.20 32 213929
999.00 340000 0
520.00 874024 928567
10.00 1111 578311
1.00 0 0
1.00 100000 100000
384.55 35433 73493
106.70 48612 12783
679.01 57934 70513
20.99 36919 3919
871.04 30863 5453
821.86 39731 1731
656.56 53321 42321
151.11 24313 79663
26.90 88749 18749
845.47 24932 22769
485.27 60569 20769
241.82 91600 32420
78.87 29559 39488
370.86 74599 27399
4.09 5406 55006
931.85 34106 85106
85.29 49730 51840
107.53 97882 26232
374.06 88286 79186
830.41 3930 54930
19.22 93579 63579
166.27 61872 29272
787.22 16417 45907
638.07 12849 76339
81.77 59351 9027
207.76 53966 13966
110.16 56724 51754
71.49 84136 31236
82.82 68952 13859
419.40 89478 32423
495.86 68573 94573
417.66 7101 51563
222.07 43940 5640
385.75 36962 64362
336.06 92817 22817
380.78 4335 32335
784.41 47970 59970
782.34 41054 51224
5.56 99674 79674
832.07 21473 30473
951.40 52617 52617
140.36 83791 78041
23.25 52841 32841
245.80 68556 40556
38.72 89416 91416
629.20 92150 9850
30.66 98043 28043
471.82 61226 85126
132.82 39288 72578
287.11 41800 99670
289.10 87058 86058
616.52 48677 84377
183.35 75908 22308
667.44 40797 36263
829.05 17652 67052
681.37 93917 53917
821.43 26781 4956
642.74 700 82700
473.83 64120 61840
184.84 34114 44614
767.48 89618 39518
690.52 16677 73677
809.81 71862 22542
663.99 61976 6076
638.39 65736 56236
275.27 32613 12613
890.65 93447 48387
457.34 17761 77161
238.58 46263 90721
955.17 9108 5048
812.50 18972 21902
61.38 2998 72798
572.90 41639 71639
336.75 96514 17634
504.59 45358 95358
319.12 8652 67252
521.01 57347 48313
606.02 46029 12779
263.45 88318 53318
422.38 32376 15756
425.87 72182 62182
24.59 30461 47461
498.79 8933 88933
778.51 81877 25767
352.84 8754 7854
535.92 19274 16654
252.55 2688 12688
824.18 99218 49218
579.91 6009 26009
67.16 6089 16089
139.19 30280 38280
804.83 32812 62812
760.14 78850 28850
542.21 61200 11200
961.23 55865 65865
73.53 89428 76265
360.06 91983 64375
467.83 42706 60906
311.41 82637 89747
434.66 90481 60001
0 0 0
