20 18 8
2
4
14
3
20
4
19
5
37 16 15
6
20
8
16
13
20
2
1
12
13
9
7
10
6
20
34 19 18
14
18
12
13
14
14
10
10
15
20
2
14
13
20
14
11
2
6
13 5 8
9
8
10
7
12
6
13
8
22 1 20
19
9
2
17
15
5
7
10
10
3
16
9
16
1
19
9
11
6
17
18
26 6 12
18
15
12
6
19
9
7
15
16
10
6
6
18 10 13
9
18
16
5
16
10
7
18
18
18
8
13
1
31 11 14
14
3
5
3
17
16
6
8
2
3
2
2
20
4
10 3 9
6
4
4
12
14
10
3
14
4
36 19 12
12
13
20
10
20
18
10
1
13
17
13
8
10 20 19
18
17
9
3
14
13
13
15
16
5
4
11
15
16
13
14
6
13
17
13 16 10
17
5
4
3
9
17
10
8
17
5
18 15 13
5
18
4
8
15
2
16
2
16
10
17
8
7
39 14 14
15
11
12
2
19
6
13
12
1
8
8
10
14
1
30 19 14
13
4
3
7
3
6
12
20
20
5
16
15
11
19
0 0 0
