20 18 22
6
8
18
27
24
28
23
29
27
17
35
34
9
22
43
36
39
20
30
7
14
29
37 16 14
10
44
32
20
17
24
26
5
36
17
33
11
14
10
34 19 17
38
42
36
37
18
18
34
14
39
44
26
18
17
24
18
35
26
13 5 22
33
32
14
11
36
30
37
32
44
21
8
27
9
15
16
33
40
25
22
14
43
42
22 1 24
23
33
26
41
39
9
31
34
14
7
40
33
20
25
43
33
15
30
41
22
43
29
5
28
26 6 16
42
39
16
10
43
33
11
39
20
14
10
30
36
28
36
25
18 10 22
33
42
20
29
20
14
31
22
42
22
12
37
25
28
11
13
10
23
17
38
27
11
31 11 18
18
7
29
7
21
40
30
12
6
27
6
26
44
28
7
43
33
11
10 3 23
10
28
8
36
18
14
7
38
8
10
18
19
43
38
14
32
6
41
41
12
30
26
13
36 19 31
36
17
44
14
24
42
34
25
17
41
17
12
16
44
43
8
31
43
36
5
22
17
16
32
38
9
6
37
39
22
35
10 20 23
42
21
13
7
38
37
17
39
20
29
28
35
19
40
17
38
30
37
21
5
43
34
23
13 16 24
41
9
8
27
13
41
14
12
21
9
18
34
17
19
25
6
38
6
8
16
42
10
8
39
18 15 12
29
42
28
32
39
26
20
6
40
34
21
12
39 14 23
39
35
16
26
43
10
17
36
5
12
12
34
18
25
6
33
23
7
40
13
5
39
44
30 19 33
17
28
27
11
27
10
16
24
24
9
40
19
15
43
12
43
32
11
27
29
41
40
39
10
31
14
34
34
25
44
34
37
20
16 9 30
16
31
35
6
7
25
23
8
35
34
10
35
30
8
32
13
39
39
23
28
18
35
12
7
21
38
34
22
18
30
17 15 18
16
42
10
25
25
15
29
24
8
30
28
32
11
17
13
36
43
14
24 11 19
7
18
15
33
25
34
16
33
16
38
12
37
10
29
18
32
10
9
18
27 16 33
15
9
41
25
21
23
21
31
19
38
32
22
24
42
26
33
30
12
41
15
6
6
18
44
6
18
11
21
13
20
29
15
16
31 18 32
27
18
11
5
19
10
19
38
34
10
39
13
28
22
12
43
8
31
13
41
8
17
27
10
23
38
28
6
7
39
19
29
0 0 0
