15 47 17
51
53
73
62
69
73
68
54
52
52
50
79
54
67
78
61
64
42 45 9
55
69
77
75
52
59
61
50
71
29 48 12
53
77
61
52
73
63
69
69
64
69
51
53
23 34 17
58
57
59
76
71
65
62
67
79
56
73
72
74
50
61
58
65
17 30 19
78
68
61
66
54
54
66
69
69
62
75
68
75
60
58
58
50
55
66
16 35 11
67
54
71
55
78
78
66
54
65
69
55
33 39 17
58
77
75
54
65
59
76
77
57
67
67
52
60
63
76
78
75
36 40 13
73
52
54
72
56
75
65
77
51
62
61
51
59
15 32 18
55
73
73
61
73
69
62
73
63
55
53
74
58
53
69
67
61
76
16 48 26
71
52
59
59
59
77
79
70
52
66
62
77
61
59
78
73
56
68
71
70
67
62
71
57
73
54
40 49 18
67
76
78
62
63
52
52
74
65
74
63
60
64
65
62
63
75
62
43 45 19
66
64
73
62
58
56
79
77
66
74
63
79
62
74
70
61
73
71
63
38 44 7
64
57
73
57
54
71
55
14 43 18
64
70
71
51
78
55
72
61
60
77
77
69
73
50
71
58
58
52
10 48 28
62
53
52
76
62
55
71
59
79
74
55
54
70
58
57
78
67
56
72
64
76
55
74
55
56
69
79
59
31 38 25
71
76
50
71
72
50
68
53
70
69
55
70
65
53
57
58
54
74
58
53
63
50
67
52
56
37 44 13
51
57
75
70
60
60
64
59
53
65
73
77
76
24 40 14
72
63
50
68
60
69
71
58
61
63
67
52
75
74
12 45 28
50
64
56
70
66
68
76
56
54
53
57
67
79
57
71
78
55
77
66
60
71
71
63
79
61
73
56
76
16 47 27
72
63
76
60
54
55
54
73
79
75
74
58
53
67
77
58
53
66
58
76
63
52
72
55
78
63
73
21 32 15
78
78
69
52
51
78
61
69
64
58
63
54
54
60
72
22 39 11
63
74
52
78
69
70
57
67
65
55
58
32 33 8
61
67
63
66
56
61
56
60
33 30 7
65
77
64
69
73
59
66
22 31 5
53
57
56
51
66
0 0 0
