33 36 43
25
38
77
55
91
47
87
43
73
68
33
44
81
20
58
91
48
88
44
95
41
22
48
92
63
28
26
97
43
67
88
80
85
65
35
29
92
23
52
65
23
97
41
10 26 62
75
36
85
54
52
83
68
63
52
84
64
70
85
49
87
24
53
65
60
73
21
20
21
28
21
60
88
25
65
30
54
40
78
40
75
31
23
75
74
88
91
70
58
76
52
77
33
37
43
25
90
76
25
44
84
26
84
25
63
50
35
98
23 24 22
59
76
81
82
61
60
21
50
64
27
29
44
69
65
27
39
39
85
76
21
31
29
28 22 45
28
20
93
55
92
86
92
55
34
45
97
84
62
23
82
56
29
44
55
38
38
62
32
23
57
65
53
61
78
33
41
39
33
67
26
57
53
51
92
67
28
41
84
22
76
6 10 55
61
32
94
94
92
22
79
38
59
70
94
26
45
93
27
29
47
59
37
57
29
29
79
75
69
33
44
76
86
87
59
79
51
85
25
43
87
84
94
78
86
40
36
64
33
75
73
60
35
91
97
44
52
28
99
18 33 22
48
87
69
66
51
45
92
47
59
76
63
42
64
30
71
88
95
40
77
69
98
97
14 19 22
94
55
26
51
71
28
47
25
78
25
89
30
56
75
33
63
38
45
22
87
83
76
5 35 16
95
35
31
51
45
88
39
30
40
48
63
92
78
54
40
60
10 23 23
65
43
63
51
33
29
22
93
23
25
33
34
58
93
69
47
61
96
96
27
85
41
68
25 11 55
31
22
94
90
70
73
84
24
37
59
78
94
94
77
29
27
98
23
41
78
82
79
22
49
34
99
72
41
58
37
84
21
71
78
91
42
83
76
78
20
35
57
46
61
66
55
68
96
90
42
74
25
21
28
54
30 14 26
45
68
87
40
92
65
32
65
26
55
80
35
65
82
81
28
92
34
24
22
49
64
60
56
67
28
9 26 13
94
90
31
81
58
65
32
51
20
27
27
89
33
38 17 58
44
51
54
37
86
25
56
26
45
68
24
28
79
93
48
79
47
71
97
30
35
42
39
24
85
48
30
89
33
60
82
89
43
69
26
29
74
94
35
51
95
71
92
74
96
72
53
43
43
82
86
90
25
25
94
42
85
56
21 16 47
29
96
56
88
25
54
43
83
23
75
78
72
22
63
95
70
27
76
37
47
99
52
84
79
69
82
99
30
21
82
72
30
78
60
50
83
94
73
98
98
48
29
22
82
72
98
52
7 32 53
70
64
96
40
36
38
36
46
74
53
87
37
39
97
41
48
85
67
56
30
21
61
33
99
61
73
26
36
28
75
84
30
71
80
82
87
51
50
66
25
83
53
75
54
82
48
35
68
95
23
78
49
64
38 16 6
73
45
51
86
66
71
21 24 43
80
25
90
73
82
21
20
67
66
34
26
81
93
68
71
59
88
80
51
96
57
75
75
53
80
37
71
59
48
27
97
60
65
39
66
47
40
66
46
86
80
52
20
28 13 32
95
37
74
69
73
39
66
25
27
70
40
23
76
37
91
70
31
48
96
41
75
28
88
20
86
28
79
75
29
92
54
56
6 17 64
64
36
43
85
90
41
71
40
88
97
87
70
81
40
38
90
43
34
81
72
35
86
33
31
37
87
64
66
48
37
25
44
53
48
62
76
21
33
96
89
62
36
91
44
56
30
34
31
76
47
83
44
33
48
87
50
36
51
48
96
69
85
72
54
22 32 7
60
48
63
68
92
95
57
9 29 13
55
57
92
71
87
27
51
40
86
51
92
35
20
26 28 8
33
70
51
70
62
27
50
21
5 34 5
35
73
22
90
53
13 15 39
47
62
23
69
72
45
45
36
24
65
37
97
24
74
45
71
74
46
97
28
59
55
23
45
42
60
82
81
55
40
47
82
82
51
83
87
76
28
23
38 34 5
35
61
27
23
72
25 19 33
59
57
42
40
34
37
73
99
83
33
46
35
79
85
96
74
20
86
37
92
54
52
27
40
62
63
69
83
69
41
32
29
78
19 29 51
75
95
51
95
29
96
84
23
29
88
75
40
34
51
47
40
54
31
26
49
29
26
57
76
81
56
93
20
68
73
86
43
68
37
38
29
65
55
32
26
43
40
78
89
23
26
30
58
37
36
87
37 25 8
91
38
61
54
98
55
20
65
28 36 60
91
20
47
76
22
44
44
26
22
78
84
41
22
87
57
57
75
42
81
84
34
62
75
77
27
77
40
62
32
40
97
55
40
44
31
42
20
55
81
23
66
97
76
20
84
34
57
91
56
39
28
71
33
83
48
72
92
20
34
24
37 29 16
45
62
37
36
75
95
33
78
62
38
52
95
49
30
89
90
13 10 58
96
61
86
96
73
20
53
24
35
24
81
23
93
93
50
91
97
60
60
30
63
92
33
62
67
72
50
59
89
83
64
85
77
83
33
82
35
67
86
50
23
20
85
49
45
36
72
43
76
32
53
71
24
98
66
23
70
96
31 28 17
39
44
26
90
59
69
64
80
84
36
59
40
52
50
40
62
39
26 27 62
83
77
91
66
78
34
78
67
82
82
26
20
73
87
55
25
52
45
61
20
82
36
25
57
43
93
34
43
51
85
92
34
94
84
33
72
50
43
71
32
25
29
64
79
97
99
36
81
76
29
81
58
77
38
95
20
31
61
75
95
47
67
39 21 9
85
24
80
73
80
30
50
95
46
15 22 61
79
87
70
38
54
53
25
40
35
77
26
44
60
43
22
39
49
51
87
72
58
99
68
93
49
40
30
77
97
53
46
28
72
96
47
27
81
84
79
96
61
86
73
53
61
27
73
90
58
60
94
48
92
62
41
41
82
84
50
32
69
6 16 48
68
24
50
48
73
34
29
24
31
34
68
84
96
30
75
28
40
76
48
82
43
60
94
73
71
61
38
31
48
56
27
96
92
89
76
65
55
86
69
98
52
37
83
80
79
58
41
20
20 19 40
65
73
31
64
83
55
23
43
57
30
22
37
63
79
98
51
22
88
94
22
47
98
30
28
67
68
51
27
50
41
54
47
94
65
91
30
53
94
85
90
37 15 36
73
50
55
73
95
37
25
82
45
29
85
20
31
86
40
46
90
39
35
60
39
21
89
46
46
40
48
81
55
45
24
60
27
92
65
22
20 32 9
62
93
34
90
34
99
59
30
63
19 32 50
74
62
33
62
66
50
52
63
45
77
26
79
98
99
22
36
26
70
20
20
64
37
74
89
41
28
20
71
44
90
48
98
84
61
92
82
91
77
77
68
54
84
47
85
83
81
53
89
51
85
6 24 37
22
20
74
59
84
27
79
58
80
49
77
81
76
46
90
27
59
43
39
64
70
46
41
43
59
40
57
98
88
50
70
90
50
77
81
66
84
34 25 14
91
68
82
64
30
45
68
88
78
40
28
77
48
78
31 15 17
31
51
67
85
59
35
41
99
65
82
68
75
91
46
79
63
52
13 9 37
90
48
27
62
95
49
22
82
42
40
85
68
96
74
89
66
60
56
84
85
57
40
78
76
36
90
21
61
94
24
54
36
52
61
79
79
91
13 25 64
98
35
97
21
34
65
84
79
94
59
69
90
64
91
59
81
66
53
48
46
26
75
81
40
56
61
78
49
78
63
28
76
79
26
77
45
23
93
25
50
53
26
40
49
97
32
63
96
65
91
74
23
98
55
43
86
48
54
35
26
97
76
35
28
23 28 29
65
97
36
46
80
95
96
36
47
66
62
87
91
22
93
32
81
71
25
53
27
30
34
44
44
42
32
46
57
26 34 46
31
20
24
27
32
46
20
26
96
56
46
37
49
62
76
51
70
83
56
28
28
45
34
85
33
76
50
67
97
41
40
28
74
44
36
38
22
68
44
99
57
70
68
86
64
44
23 33 45
40
70
38
21
77
84
70
66
79
32
83
50
92
63
25
75
98
60
80
58
70
84
93
20
27
66
34
50
22
52
22
74
23
40
28
32
56
78
78
35
90
62
98
34
57
14 15 12
43
67
96
63
62
33
41
60
84
38
38
96
17 23 7
63
98
47
84
48
32
28
0 0 0
