11
497664
440
60
180592312320
670442572800
5
12615680
176
18
278185
5
2207520
479001600
11250000
3084842475
10183680
318482199
2040
411891183475200
1
168059789309637225
3493178325
16107840
1
5
15276957696
27793906560
974545
6
11
15
7
79684605
3
2034923275
720000000
16
48704929136640
1458519040
50
9585618768101376
51520
9
23481740411754625
135135
2
36
3465936861843456
45826560
9
122760
1368
207
4478576549990400
589225
345345
1664841911040
67303564453125
324451733760
80680320
144702114095
4009541536
2833952365440
6
5
11250000
576
9721920
585
1581
1056
7520198716800
4009541536
12
2
288608320
1627850224
518918400
728640635326636032
87178291200
17041024000
603720
231469056
8883
16
24710400
18960480
333247405883392000
18
14
416185
657209398809600
15
3
3852505238400
7
855429120
318482199
105984
978120
26582634158080000
348168925
801360
3517508575
4197555
43225
1
49579075
101125019520
66
120
561
722
3483480
1516990464000
17
24519495
907816
857866240
297131880
264
880
159542935552000
603720
993418232625
2667042724170825
6941485936
253
24710400
6
126225
1
154
76663738305
33737528160
4031547520
417888291992371200
29640
9585618768101376
2949120
12
132175680
21827575
880
46873906785305600
7
910000000
111384
11
26400
1276204160
1990648483200
528
85120
176394240
37296
9152
528
45323591040
16965
55847232
528
2706
114576
14080
11
17133379200
8103424
351
960
68629299200
34992
1859760
6
146160
39090123072
7
753489
14
31104
13507487465472
3656994324480
9
7
45826560
14454403425
5
9045631231436800
3127704
1215000
4197555
38665
157901471728
14
137227545
3
4224
178311467764705275
14993
